0 69.0 5.052028102251831E-4
1 43.0 5.052028102251831E-4
2 15.0 5.052028102251831E-4
3 428.0 5.052028102251831E-4
4 71.0 5.052028102251831E-4
5 35.0 6.485686214641936E-4
6 57.0 7.796633944375771E-4
7 37.0 5.052028102251831E-4
8 16.0 5.052028102251831E-4
9 167.0 5.052028102251831E-4
10 220.0 5.052028102251831E-4
11 12.0 5.047089259578392E-4
12 28.0 5.047089259578392E-4
13 31.0 6.681661858413675E-4
14 60.0 5.047089259578392E-4
15 68.0 5.052028102251831E-4
16 6.0 5.047089259578392E-4
17 121.0 5.052028102251831E-4
18 71.0 8.134803900581849E-4
19 130.0 5.052028102251831E-4
20 89.0 7.609825479829511E-4
21 111.0 5.052028102251831E-4
22 30.0 5.052028102251831E-4
23 20.0 5.052028102251831E-4
24 30.0 8.795660956422491E-4
25 25.0 8.795660956422491E-4
26 49.0 0.0014998057038389891
27 31.0 0.0023071885112760765
28 45.0 5.047089259578392E-4
29 34.0 5.052028102251831E-4
30 17.0 5.052028102251831E-4
31 9.0 5.047089259578392E-4
32 16.0 0.0024834293131772334
33 9.0 5.047089259578392E-4
34 79.0 5.052028102251831E-4
35 99.0 8.919264473162343E-4
36 46.0 5.047089259578392E-4
37 15.0 5.047089259578392E-4
38 48.0 5.052028102251831E-4
39 35.0 5.047089259578392E-4
40 46.0 5.047089259578392E-4
41 139.0 5.052028102251831E-4
42 144.0 5.052028102251831E-4
43 161.0 5.052028102251831E-4
44 49.0 5.052028102251831E-4
45 14.0 5.052028102251831E-4
46 144.0 5.052028102251831E-4
47 20.0 5.052028102251831E-4
48 33.0 5.052028102251831E-4
49 93.0 7.877545912243749E-4
50 61.0 5.052028102251831E-4
51 41.0 5.047089259578392E-4
52 152.0 5.052028102251831E-4
53 60.0 5.052028102251831E-4
54 129.0 8.19008291484284E-4
55 128.0 0.0012259440439707438
56 9.0 5.047089259578392E-4
57 22.0 5.047089259578392E-4
58 135.0 7.700312472147292E-4
59 149.0 9.804109674219554E-4
60 26.0 7.44138051571835E-4
61 20.0 5.052028102251831E-4
62 274.0 0.001021319730685616
63 161.0 5.052028102251831E-4
64 58.0 7.202515270836987E-4
65 13.0 5.047089259578392E-4
66 23.0 5.052028102251831E-4
67 99.0 7.202515270836987E-4
68 492.0 5.052028102251831E-4
69 469.0 0.0032983324797158584
70 58.0 8.154915297473109E-4
71 278.0 5.052028102251831E-4
72 230.0 5.052028102251831E-4
73 91.0 6.127271686544404E-4
74 152.0 5.052028102251831E-4
75 57.0 5.052028102251831E-4
76 9.0 5.047089259578392E-4
77 142.0 0.002101827838665095
78 255.0 0.0019321840383977374
79 311.0 5.052028102251831E-4
80 40.0 5.052028102251831E-4
81 360.0 5.052028102251831E-4
82 116.0 6.785022836536473E-4
83 303.0 5.052028102251831E-4
84 96.0 7.80939191386536E-4
85 17.0 5.047089259578392E-4
86 51.0 5.052028102251831E-4
87 33.0 7.202515270836958E-4
88 111.0 0.0015124015422280975
89 145.0 6.127271686544408E-4
90 329.0 0.0014911496536762195
91 85.0 5.047089259578392E-4
92 283.0 5.052028102251831E-4
93 124.0 5.052028102251831E-4
94 5.0 5.047089259578392E-4
95 75.0 0.0023442262875899757
96 13.0 5.047089259578392E-4
97 83.0 8.587184558261039E-4
98 276.0 0.0017197527406908187
99 54.0 5.912222969685891E-4
100 6.0 5.047089259578392E-4
101 14.0 5.052028102251831E-4
102 101.0 5.666453007561874E-4
103 74.0 5.768857158446882E-4
104 99.0 5.84471673882543E-4
105 331.0 5.052028102251831E-4
106 47.0 5.052028102251831E-4
107 16.0 5.052028102251831E-4
108 16.0 5.052028102251831E-4
109 25.0 5.052028102251831E-4
110 287.0 5.052028102251831E-4
111 96.0 5.047089259578392E-4
112 26.0 7.195485822524537E-4
113 25.0 6.907270212096425E-4
114 162.0 8.601534428919159E-4
115 275.0 0.003781831362280467
116 223.0 7.033779276802537E-4
117 34.0 0.0013311105854334603
118 41.0 7.202515270836974E-4
119 384.0 0.0022037118769701156
120 42.0 5.052028102251831E-4
121 79.0 5.052028102251831E-4
122 38.0 5.047089259578392E-4
123 232.0 9.005726777359532E-4
124 225.0 5.763221447227113E-4
125 370.0 5.052028102251831E-4
126 16.0 5.052028102251831E-4
127 307.0 5.052028102251831E-4
128 52.0 5.052028102251831E-4
129 15.0 5.052028102251831E-4
130 11.0 5.052028102251831E-4
131 19.0 5.052028102251831E-4
132 6.0 5.047089259578392E-4
133 67.0 0.004255525443017956
134 136.0 6.127271686544404E-4
135 97.0 7.372495295335075E-4
136 480.0 0.003842900990661093
137 193.0 5.052028102251831E-4
138 52.0 5.047089259578392E-4
139 53.0 0.0012306812558016728
140 14.0 9.155710046932183E-4
141 7.0 5.047089259578392E-4
142 35.0 5.047089259578392E-4
143 41.0 6.353533036959592E-4
144 27.0 5.052028102251831E-4
145 18.0 5.052028102251831E-4
146 29.0 5.052028102251831E-4
147 62.0 6.960675900409405E-4
148 167.0 5.666453007561874E-4
149 30.0 5.047089259578392E-4
150 10.0 5.052028102251831E-4
151 105.0 0.00158133913086564
152 5.0 7.226779763446704E-4
153 195.0 6.127271686544408E-4
154 160.0 7.079050723372458E-4
155 33.0 5.047089259578392E-4
156 58.0 5.052028102251831E-4
157 3.0 5.047089259578392E-4
158 47.0 5.052028102251831E-4
159 55.0 5.052028102251831E-4
160 46.0 5.047089259578392E-4
161 73.0 6.127271686544404E-4
162 13.0 5.047089259578392E-4
163 26.0 5.047089259578392E-4
164 65.0 5.920576319203975E-4
165 6.0 5.052028102251831E-4
166 185.0 5.052028102251831E-4
167 122.0 5.052028102251831E-4
168 101.0 0.0025481094351251328
169 219.0 6.110477589867298E-4
170 165.0 5.052028102251831E-4
171 7.0 5.047089259578392E-4
172 28.0 5.047089259578392E-4
173 25.0 5.052028102251831E-4
174 51.0 5.047089259578392E-4
175 112.0 5.052028102251831E-4
176 76.0 5.912222969685892E-4
177 51.0 5.047089259578392E-4
178 31.0 5.052028102251831E-4
179 186.0 0.0011458043476639736
180 102.0 0.0015035515770991988
181 33.0 5.052028102251831E-4
182 335.0 7.783126440522657E-4
183 197.0 5.047089259578392E-4
184 82.0 5.052028102251831E-4
185 80.0 5.052028102251831E-4
186 41.0 5.052028102251831E-4
187 25.0 9.405985512436785E-4
188 73.0 6.485686214641921E-4
189 101.0 5.052028102251831E-4
190 278.0 5.052028102251831E-4
191 12.0 5.047089259578392E-4
192 7.0 5.047089259578392E-4
193 153.0 0.0017369072269257497
194 104.0 5.052028102251831E-4
195 266.0 5.052028102251831E-4
196 33.0 5.052028102251831E-4
197 74.0 6.485686214641933E-4
198 16.0 5.047089259578392E-4
199 331.0 5.052028102251831E-4
200 10.0 5.052028102251831E-4
201 515.0 0.0045978799125067395
202 63.0 5.052028102251831E-4
203 46.0 5.052028102251831E-4
204 57.0 5.052028102251831E-4
205 23.0 5.052028102251831E-4
206 18.0 5.047089259578392E-4
207 257.0 0.0014303095230910547
208 4.0 5.047089259578392E-4
209 167.0 5.052028102251831E-4
210 445.0 0.003965272121109772
211 11.0 5.047089259578392E-4
212 15.0 5.052028102251831E-4
213 160.0 0.00114400855666111
214 129.0 5.052028102251831E-4
215 133.0 5.5299141397152E-4
216 5.0 5.052028102251831E-4
217 18.0 5.052028102251831E-4
218 24.0 5.047089259578392E-4
219 364.0 8.154915297473109E-4
220 56.0 5.052028102251831E-4
221 237.0 5.052028102251831E-4
222 5.0 5.047089259578392E-4
223 167.0 5.052028102251831E-4
224 91.0 5.052028102251831E-4
225 430.0 0.0015018638499817204
226 218.0 6.127271686544404E-4
227 113.0 9.28574495713308E-4
228 124.0 5.052028102251831E-4
229 46.0 5.047089259578392E-4
230 36.0 5.052028102251831E-4
231 135.0 8.112830235379532E-4
232 131.0 5.052028102251831E-4
233 66.0 5.052028102251831E-4
234 59.0 5.052028102251831E-4
235 41.0 5.052028102251831E-4
236 16.0 5.052028102251831E-4
237 81.0 5.052028102251831E-4
238 44.0 5.052028102251831E-4
239 174.0 6.485686214641921E-4
240 42.0 5.052028102251831E-4
241 52.0 5.052028102251831E-4
242 324.0 0.001202298763186977
243 4.0 5.047089259578392E-4
244 28.0 5.047089259578392E-4
245 119.0 0.0012259440439707423
246 26.0 0.0017532671653202557
247 80.0 5.052028102251831E-4
248 7.0 5.052028102251831E-4
249 128.0 5.666453007561874E-4
250 12.0 5.047089259578392E-4
251 112.0 7.300715258065419E-4
252 287.0 5.052028102251831E-4
253 66.0 5.052028102251831E-4
254 10.0 5.047089259578391E-4
255 218.0 5.052028102251831E-4
256 60.0 5.047089259578391E-4
257 78.0 5.052028102251831E-4
258 86.0 7.406637734952718E-4
259 120.0 5.047089259578391E-4
260 72.0 5.052028102251831E-4
261 283.0 9.623741027232949E-4
262 19.0 5.052028102251831E-4
263 798.0 5.052028102251831E-4
264 88.0 5.052028102251831E-4
265 24.0 0.0012284343339554328
266 180.0 5.052028102251831E-4
267 16.0 5.047089259578391E-4
268 27.0 0.0011279385572067183
269 222.0 0.0013849378826603425
270 199.0 9.029337078614833E-4
271 151.0 7.378542011837048E-4
272 476.0 5.052028102251831E-4
273 93.0 8.190082914842848E-4
274 11.0 5.047089259578391E-4
275 14.0 5.047089259578391E-4
276 398.0 0.0036730210877917004
277 288.0 0.00246550746932457
278 10.0 5.052028102251831E-4
279 238.0 0.0011200764950861945
280 623.0 5.052028102251831E-4
281 293.0 0.0013669320937182562
282 51.0 8.95389633494968E-4
283 153.0 0.0015682107935018855
284 45.0 5.052028102251831E-4
285 25.0 5.047089259578391E-4
286 73.0 5.052028102251831E-4
287 152.0 7.880760251184951E-4
288 312.0 7.551873207928118E-4
289 32.0 5.052028102251831E-4
290 241.0 6.485686214641923E-4
291 32.0 5.052028102251831E-4
292 77.0 5.052028102251831E-4
293 326.0 0.001417359768672418
294 102.0 7.444089183166263E-4
295 40.0 5.052028102251831E-4
296 94.0 5.912222969685892E-4
297 7.0 5.047089259578391E-4
298 56.0 5.052028102251831E-4
299 180.0 7.80939191386534E-4
300 42.0 5.052028102251831E-4
301 92.0 5.052028102251831E-4
302 165.0 6.127271686544404E-4
303 61.0 5.047089259578391E-4
304 244.0 0.0010485669005252162
305 292.0 5.052028102251831E-4
306 134.0 0.001707795229134379
307 11.0 5.047089259578391E-4
308 71.0 5.052028102251831E-4
309 61.0 5.052028102251831E-4
310 56.0 0.0010783776453174155
311 141.0 7.378542011837063E-4
312 82.0 5.052028102251831E-4
313 119.0 6.010301693077574E-4
314 121.0 5.052028102251831E-4
315 91.0 0.0012917622555769631
316 119.0 5.052028102251831E-4
317 67.0 5.052028102251831E-4
318 115.0 8.335620230704725E-4
319 84.0 7.372495295335075E-4
320 743.0 0.0031469949867133965
321 296.0 0.0013866341227139717
322 23.0 5.052028102251831E-4
323 13.0 5.052028102251831E-4
324 67.0 5.052028102251831E-4
325 123.0 6.953687880523333E-4
326 62.0 5.052028102251831E-4
327 51.0 5.052028102251831E-4
328 297.0 5.052028102251831E-4
329 320.0 5.052028102251831E-4
330 261.0 5.912222969685892E-4
331 314.0 6.127271686544404E-4
332 301.0 6.789124536156105E-4
333 314.0 5.052028102251831E-4
334 351.0 6.664893478690694E-4
335 262.0 5.052028102251831E-4
336 282.0 5.052028102251831E-4
337 249.0 5.052028102251831E-4
338 308.0 0.0014580451731726664
339 196.0 6.127271686544404E-4
340 312.0 0.001319769642736663
341 64.0 5.052028102251831E-4
342 277.0 5.052028102251831E-4
343 48.0 6.485686214641923E-4
344 255.0 5.052028102251831E-4
345 307.0 5.052028102251831E-4
346 64.0 6.468081143212929E-4
347 10.0 5.052028102251831E-4
348 20.0 5.047089259578391E-4
349 375.0 5.052028102251831E-4
350 216.0 5.052028102251831E-4
351 107.0 5.052028102251831E-4
352 204.0 7.444089183166263E-4
353 11.0 5.047089259578391E-4
354 53.0 5.052028102251831E-4
355 21.0 5.047089259578391E-4
356 240.0 5.052028102251831E-4
357 184.0 9.813550503136258E-4
358 147.0 5.052028102251831E-4
359 41.0 5.920576319203975E-4
360 41.0 5.052028102251831E-4
361 132.0 8.795660956422585E-4
362 39.0 5.052028102251831E-4
363 49.0 8.463263445886581E-4
364 33.0 9.531341526495396E-4
365 163.0 5.052028102251831E-4
366 183.0 5.052028102251831E-4
367 17.0 5.047089259578391E-4
368 61.0 5.052028102251831E-4
369 137.0 8.04071965563768E-4
370 161.0 0.0011972824429793947
371 19.0 5.052028102251831E-4
372 53.0 5.052028102251831E-4
373 18.0 5.047089259578391E-4
374 27.0 5.052028102251831E-4
375 238.0 7.924933514411039E-4
376 6.0 5.047089259578391E-4
377 19.0 6.485686214641928E-4
378 14.0 5.047089259578391E-4
379 115.0 5.052028102251831E-4
380 157.0 5.052028102251831E-4
381 50.0 5.052028102251831E-4
382 106.0 5.052028102251831E-4
383 100.0 5.052028102251831E-4
384 4.0 5.052028102251831E-4
385 166.0 5.052028102251831E-4
386 7.0 6.687978428984725E-4
387 13.0 5.047089259578391E-4
388 24.0 5.047089259578391E-4
389 27.0 5.047089259578391E-4
390 266.0 5.052028102251831E-4
391 287.0 5.052028102251831E-4
392 101.0 5.052028102251831E-4
393 15.0 5.052028102251831E-4
394 25.0 5.047089259578391E-4
395 388.0 5.052028102251831E-4
396 37.0 5.052028102251831E-4
397 7.0 5.047089259578391E-4
398 38.0 5.052028102251831E-4
399 47.0 5.047089259578391E-4
400 22.0 5.052028102251831E-4
401 14.0 5.047089259578391E-4
402 39.0 5.052028102251831E-4
403 14.0 5.052028102251831E-4
404 287.0 0.0013148356235703064
405 52.0 5.047089259578391E-4
406 47.0 5.052028102251831E-4
407 180.0 8.469413898431923E-4
408 243.0 5.052028102251831E-4
409 9.0 5.047089259578391E-4
410 141.0 6.890270643327505E-4
411 370.0 9.912977563818744E-4
412 51.0 5.052028102251831E-4
413 7.0 5.047089259578391E-4
414 37.0 5.047089259578391E-4
415 159.0 5.052028102251831E-4
416 166.0 5.052028102251831E-4
417 246.0 6.057873364012701E-4
418 426.0 6.485686214641934E-4
419 53.0 5.052028102251831E-4
420 125.0 5.052028102251831E-4
421 423.0 0.0016954259485196569
422 204.0 5.052028102251831E-4
423 35.0 5.052028102251831E-4
424 9.0 5.047089259578391E-4
425 4.0 5.047089259578391E-4
426 120.0 0.0010485536376059422
427 172.0 5.052028102251831E-4
428 124.0 5.052028102251831E-4
429 20.0 5.047089259578391E-4
430 3.0 5.047089259578391E-4
431 9.0 5.052028102251831E-4
432 74.0 5.052028102251831E-4
433 27.0 5.052028102251831E-4
434 9.0 5.052028102251831E-4
435 39.0 5.052028102251831E-4
436 2.0 5.047089259578391E-4
437 105.0 7.092562857670287E-4
438 96.0 5.052028102251831E-4
439 7.0 5.047089259578391E-4
440 7.0 5.047089259578391E-4
441 128.0 5.052028102251831E-4
442 49.0 5.052028102251831E-4
443 22.0 5.052028102251831E-4
444 31.0 5.047089259578391E-4
445 57.0 5.052028102251831E-4
446 31.0 5.052028102251831E-4
447 344.0 5.589649894398121E-4
448 12.0 0.002483429313177254
449 86.0 5.052028102251831E-4
450 156.0 5.052028102251831E-4
451 12.0 5.047089259578391E-4
452 435.0 0.0014344750505404795
453 222.0 5.052028102251831E-4
454 448.0 0.001216472204367458
455 6.0 5.047089259578391E-4
456 113.0 7.045342907173222E-4
457 68.0 5.052028102251831E-4
458 224.0 0.00387612912594901
459 15.0 5.052028102251831E-4
460 49.0 5.052028102251831E-4
461 21.0 5.052028102251831E-4
462 30.0 5.052028102251831E-4
463 194.0 5.052028102251831E-4
464 53.0 5.052028102251831E-4
465 31.0 5.047089259578391E-4
466 24.0 5.052028102251831E-4
467 30.0 5.052028102251831E-4
468 29.0 5.052028102251831E-4
469 23.0 5.047089259578391E-4
470 38.0 5.589649894398121E-4
471 45.0 5.047089259578391E-4
472 137.0 0.0016590730053447369
473 18.0 5.052028102251831E-4
474 14.0 5.047089259578391E-4
475 360.0 5.052028102251831E-4
476 9.0 5.047089259578391E-4
477 107.0 7.202515270836986E-4
478 122.0 5.052028102251831E-4
479 9.0 5.047089259578391E-4
480 21.0 8.795660956422598E-4
481 327.0 0.002186527887083882
482 186.0 5.912222969685891E-4
483 25.0 5.052028102251831E-4
484 119.0 7.202515270836958E-4
485 22.0 5.052028102251831E-4
486 107.0 7.809391913865335E-4
487 83.0 5.052028102251831E-4
488 23.0 5.047089259578391E-4
489 56.0 5.052028102251831E-4
490 65.0 0.0014026571949080856
491 223.0 7.560929798934495E-4
492 77.0 0.0011806028023928204
493 46.0 5.052028102251831E-4
494 196.0 6.789124536156104E-4
495 16.0 8.795660956422533E-4
496 19.0 8.795660956422533E-4
497 82.0 5.912222969685892E-4
498 37.0 5.912222969685892E-4
499 58.0 5.052028102251831E-4
500 96.0 9.701990007561503E-4
501 23.0 5.047089259578391E-4
502 59.0 5.052028102251831E-4
503 34.0 5.052028102251831E-4
504 205.0 5.052028102251831E-4
505 18.0 5.047089259578391E-4
506 28.0 5.052028102251831E-4
507 15.0 5.047089259578391E-4
508 94.0 7.079050723372458E-4
509 38.0 8.493993606369456E-4
510 63.0 8.19008291484287E-4
511 68.0 5.052028102251831E-4
512 37.0 6.485686214641934E-4
513 114.0 8.627709596207446E-4
514 24.0 5.052028102251831E-4
515 392.0 0.002478737483764074
516 32.0 5.047089259578391E-4
517 72.0 5.666453007561874E-4
518 21.0 0.001250084228670427
519 157.0 7.372495295335075E-4
520 110.0 7.657672753108239E-4
521 24.0 8.617601407325656E-4
522 19.0 6.479353634875826E-4
523 99.0 0.0012525900227852767
524 99.0 5.052028102251831E-4
525 94.0 5.052028102251831E-4
526 76.0 0.0022486225848962413
527 16.0 5.052028102251831E-4
528 38.0 0.0011554197014748654
529 82.0 6.737603360591844E-4
530 272.0 0.0033544438331710447
531 14.0 5.047089259578391E-4
532 696.0 5.047089259578391E-4
533 239.0 0.002734814962316071
534 24.0 5.052028102251831E-4
535 58.0 5.052028102251831E-4
536 441.0 0.0024908285393128644
537 34.0 5.052028102251831E-4
538 4.0 5.047089259578391E-4
539 5.0 5.047089259578391E-4
540 7.0 5.047089259578391E-4
541 22.0 5.047089259578391E-4
542 23.0 5.047089259578391E-4
543 1772.0 5.052028102251831E-4
544 98.0 5.052028102251831E-4
545 112.0 5.052028102251831E-4
546 24.0 5.047089259578391E-4
547 19.0 5.052028102251831E-4
548 501.0 5.052028102251831E-4
549 42.0 5.052028102251831E-4
550 24.0 5.047089259578391E-4
551 15.0 5.052028102251831E-4
552 17.0 5.052028102251831E-4
553 10.0 5.052028102251831E-4
554 30.0 5.052028102251831E-4
555 86.0 5.052028102251831E-4
556 30.0 5.047089259578391E-4
557 20.0 5.052028102251831E-4
558 65.0 5.052028102251831E-4
559 388.0 5.052028102251831E-4
560 52.0 5.052028102251831E-4
561 180.0 9.227819880116039E-4
562 3.0 5.047089259578391E-4
563 138.0 6.293268721075272E-4
564 117.0 0.001685923345641508
565 27.0 5.052028102251831E-4
566 28.0 5.052028102251831E-4
567 659.0 0.002231822126182474
568 281.0 5.052028102251831E-4
569 295.0 5.052028102251831E-4
570 298.0 5.052028102251831E-4
571 312.0 5.052028102251831E-4
572 277.0 5.052028102251831E-4
573 377.0 7.202515270836977E-4
574 454.0 0.001156853521540315
575 120.0 5.052028102251831E-4
576 13.0 5.052028102251831E-4
577 97.0 5.047089259578391E-4
578 157.0 9.353002439422048E-4
579 32.0 5.052028102251831E-4
580 37.0 5.052028102251831E-4
581 148.0 0.0011347422172820942
582 37.0 5.047089259578391E-4
583 42.0 5.052028102251831E-4
584 132.0 0.0010248593066874642
585 34.0 5.047089259578391E-4
586 35.0 5.052028102251831E-4
587 140.0 5.052028102251831E-4
588 285.0 6.127271686544409E-4
589 15.0 5.052028102251831E-4
590 82.0 7.202515270836987E-4
591 21.0 5.047089259578391E-4
592 15.0 5.047089259578391E-4
593 13.0 5.047089259578391E-4
594 268.0 5.052028102251831E-4
595 246.0 7.202515270836987E-4
596 20.0 5.047089259578391E-4
597 445.0 0.001673244793251329
598 82.0 5.052028102251831E-4
599 12.0 5.047089259578391E-4
600 121.0 0.0015946234242507921
601 15.0 5.047089259578391E-4
602 53.0 8.326830096762935E-4
603 256.0 6.657032122582128E-4
604 99.0 9.244738370995124E-4
605 434.0 0.0011435109748198806
606 81.0 5.052028102251831E-4
607 28.0 5.047089259578391E-4
608 31.0 5.047089259578391E-4
609 188.0 6.121287541051471E-4
610 96.0 5.052028102251831E-4
611 135.0 5.052028102251831E-4
612 58.0 5.052028102251831E-4
613 31.0 5.052028102251831E-4
614 43.0 5.052028102251831E-4
615 63.0 0.0013447877761211765
616 227.0 5.052028102251831E-4
617 12.0 5.047089259578391E-4
618 64.0 5.052028102251831E-4
619 340.0 8.319979603949547E-4
620 6.0 5.047089259578391E-4
621 82.0 5.052028102251831E-4
622 68.0 5.052028102251831E-4
623 47.0 5.382872282034163E-4
624 131.0 9.967680410230115E-4
625 61.0 7.722051934542127E-4
626 107.0 0.0010428246023714647
627 23.0 5.047089259578391E-4
628 36.0 5.052028102251831E-4
629 89.0 6.121287541051471E-4
630 57.0 5.047089259578391E-4
631 18.0 5.047089259578391E-4
632 242.0 6.737603360591844E-4
633 21.0 5.047089259578391E-4
634 12.0 5.047089259578391E-4
635 262.0 0.0011912961016934652
636 66.0 5.047089259578391E-4
637 112.0 5.052028102251831E-4
638 136.0 6.757039621545968E-4
639 92.0 5.052028102251831E-4
640 28.0 5.052028102251831E-4
641 73.0 5.052028102251831E-4
642 44.0 5.052028102251831E-4
643 14.0 5.768857158446881E-4
644 5.0 0.001200260890335777
645 13.0 5.047089259578391E-4
646 358.0 0.0010485669005252162
647 26.0 5.052028102251831E-4
648 46.0 5.052028102251831E-4
649 39.0 5.052028102251831E-4
650 6.0 5.047089259578391E-4
651 38.0 5.047089259578391E-4
652 70.0 7.378542011837081E-4
653 259.0 5.052028102251831E-4
654 255.0 0.0013295256539969725
655 248.0 0.009469711581069988
656 103.0 0.005307712530832658
657 171.0 0.001537566880793834
658 472.0 0.004600437523994185
659 38.0 5.052028102251831E-4
660 34.0 5.052028102251831E-4
661 389.0 0.004941049958944674
662 155.0 5.052028102251831E-4
663 78.0 6.127271686544408E-4
664 232.0 5.052028102251831E-4
665 19.0 9.701990007561503E-4
666 332.0 5.052028102251831E-4
667 91.0 5.052028102251831E-4
668 36.0 5.052028102251831E-4
669 32.0 5.047089259578391E-4
670 191.0 0.0025150573129179266
671 267.0 0.0028976242168372492
672 35.0 5.052028102251831E-4
673 113.0 0.0019526238114531062
674 14.0 5.052028102251831E-4
675 286.0 5.052028102251831E-4
676 322.0 5.768857158446881E-4
677 394.0 6.485686214641923E-4
678 62.0 8.795660956422509E-4
679 56.0 0.0012259440439707455
680 240.0 5.052028102251831E-4
681 182.0 8.852285521962541E-4
682 85.0 0.0011837260565676659
683 116.0 0.0010263317403964682
684 12.0 6.479353634875826E-4
685 332.0 0.0012346909036693957
686 69.0 5.047089259578391E-4
687 41.0 5.052028102251831E-4
688 138.0 0.0010443364288850357
689 138.0 9.061505119824312E-4
690 314.0 5.052028102251831E-4
691 84.0 0.002336421334533066
692 100.0 0.0010094293245016873
693 136.0 6.987466553978457E-4
694 68.0 0.002320571524395989
695 164.0 8.807519291167255E-4
696 130.0 0.0020080265852016766
697 218.0 0.0013629213753496626
698 249.0 0.0012956494112466247
699 29.0 5.052028102251831E-4
700 297.0 5.052028102251831E-4
701 145.0 0.0023218716027269487
702 73.0 8.574606680553001E-4
703 128.0 5.047089259578391E-4
704 154.0 0.00105406497323329
705 45.0 5.052028102251831E-4
706 28.0 5.052028102251831E-4
707 23.0 5.047089259578391E-4
708 68.0 5.052028102251831E-4
709 28.0 5.052028102251831E-4
710 145.0 8.866340365221255E-4
711 26.0 5.052028102251831E-4
712 27.0 5.047089259578391E-4
713 250.0 5.052028102251831E-4
714 47.0 7.445423932620839E-4
715 141.0 5.052028102251831E-4
716 121.0 5.052028102251831E-4
717 40.0 5.052028102251831E-4
718 24.0 0.00207706117624859
719 333.0 0.003380562967731266
720 298.0 5.052028102251831E-4
721 55.0 0.0013823404408325542
722 53.0 0.0012504960349954612
723 336.0 7.202515270836969E-4
724 4.0 5.052028102251831E-4
725 34.0 0.07893104188417861
726 283.0 5.052028102251831E-4
727 273.0 5.052028102251831E-4
728 275.0 5.052028102251831E-4
729 24.0 5.047089259578391E-4
730 180.0 5.052028102251831E-4
731 410.0 9.649544556320415E-4
732 60.0 7.798880285210133E-4
733 255.0 5.052028102251831E-4
734 20.0 8.795660956422517E-4
735 123.0 0.002463597997374942
736 103.0 5.052028102251831E-4
737 129.0 5.052028102251831E-4
738 269.0 5.052028102251831E-4
739 22.0 5.047089259578391E-4
740 53.0 5.052028102251831E-4
741 144.0 5.052028102251831E-4
742 89.0 5.052028102251831E-4
743 77.0 5.052028102251831E-4
744 25.0 5.052028102251831E-4
745 26.0 5.589649894398119E-4
746 14.0 5.047089259578391E-4
747 90.0 5.052028102251831E-4
748 104.0 5.052028102251831E-4
749 24.0 5.052028102251831E-4
750 34.0 5.052028102251831E-4
751 67.0 0.0013304805810774195
752 390.0 0.0028180741743157136
753 205.0 0.0015875640568027277
754 224.0 0.0011374050945356636
755 63.0 5.052028102251831E-4
756 220.0 7.76361178178223E-4
757 8.0 5.052028102251831E-4
758 329.0 0.003423323778937534
759 289.0 0.00166768440157885
760 39.0 5.047089259578391E-4
761 329.0 0.004531019460436132
762 371.0 9.353002439422137E-4
763 18.0 5.052028102251831E-4
764 6.0 5.047089259578391E-4
765 28.0 7.195485822524559E-4
766 45.0 8.77953919446604E-4
767 44.0 0.001616128792300709
768 276.0 0.0018962571611913998
769 24.0 5.052028102251831E-4
770 607.0 0.008813614658767125
771 72.0 5.052028102251831E-4
772 36.0 5.052028102251831E-4
773 33.0 6.374261115109482E-4
774 173.0 5.052028102251831E-4
775 78.0 5.052028102251831E-4
776 94.0 5.052028102251831E-4
777 318.0 0.0019296619954724716
778 117.0 0.0010728670706791328
779 33.0 0.2502687103583892
780 14.0 5.052028102251831E-4
781 6.0 5.047089259578391E-4
782 167.0 0.0017532671653202557
783 37.0 5.052028102251831E-4
784 38.0 5.052028102251831E-4
785 20.0 5.052028102251831E-4
786 43.0 5.052028102251831E-4
787 32.0 5.052028102251831E-4
788 204.0 5.052028102251831E-4
789 51.0 5.052028102251831E-4
790 18.0 7.444089183166263E-4
791 60.0 5.047089259578392E-4
792 119.0 5.052028102251831E-4
793 109.0 0.0011442159270403656
794 21.0 5.052028102251831E-4
795 8.0 5.047089259578392E-4
796 26.0 8.574606680553049E-4
797 73.0 5.052028102251831E-4
798 158.0 7.997772022861477E-4
799 72.0 5.052028102251831E-4
800 15.0 5.052028102251831E-4
801 41.0 5.052028102251831E-4
802 16.0 5.052028102251831E-4
803 26.0 5.052028102251831E-4
804 19.0 5.052028102251831E-4
805 9.0 5.052028102251831E-4
806 31.0 5.052028102251831E-4
807 34.0 5.047089259578392E-4
808 64.0 5.052028102251831E-4
809 7.0 5.047089259578392E-4
810 35.0 5.047089259578392E-4
811 44.0 5.047089259578392E-4
812 103.0 8.574606680553049E-4
813 34.0 5.052028102251831E-4
814 14.0 5.785586698913603E-4
815 10.0 5.052028102251831E-4
816 102.0 5.047089259578392E-4
817 272.0 0.0010579890699177036
818 262.0 5.052028102251831E-4
819 48.0 9.353002439422041E-4
820 110.0 6.485686214641921E-4
821 14.0 6.12727168654441E-4
822 25.0 5.052028102251831E-4
823 18.0 5.052028102251831E-4
824 22.0 5.052028102251831E-4
825 327.0 0.0012728116137974584
826 21.0 5.052028102251831E-4
827 43.0 5.052028102251831E-4
828 20.0 5.052028102251831E-4
829 38.0 5.052028102251831E-4
830 101.0 8.240232728090858E-4
831 67.0 5.052028102251831E-4
832 43.0 0.0010579890699177036
833 307.0 9.531881354041542E-4
834 247.0 5.052028102251831E-4
835 44.0 5.052028102251831E-4
836 43.0 5.052028102251831E-4
837 7.0 5.052028102251831E-4
838 218.0 5.052028102251831E-4
839 2.0 5.047089259578392E-4
840 212.0 7.202515270836968E-4
841 44.0 5.047089259578392E-4
842 73.0 7.794354464634142E-4
843 81.0 5.052028102251831E-4
844 21.0 5.052028102251831E-4
845 211.0 5.052028102251831E-4
846 27.0 5.052028102251831E-4
847 35.0 5.052028102251831E-4
848 246.0 5.052028102251831E-4
849 61.0 5.052028102251831E-4
850 28.0 5.052028102251831E-4
851 65.0 5.052028102251831E-4
852 23.0 5.052028102251831E-4
853 31.0 5.052028102251831E-4
854 20.0 5.052028102251831E-4
855 24.0 7.202515270836987E-4
856 67.0 5.052028102251831E-4
857 111.0 7.838871705113828E-4
858 193.0 8.3470137060116E-4
859 5.0 5.047089259578392E-4
860 160.0 0.0010213197306856092
861 4.0 5.047089259578392E-4
862 134.0 7.202515270836982E-4
863 23.0 8.574606680552999E-4
864 63.0 5.052028102251831E-4
865 35.0 5.047089259578392E-4
866 99.0 8.134803900581849E-4
867 27.0 5.052028102251831E-4
868 5.0 5.047089259578392E-4
869 158.0 5.052028102251831E-4
870 185.0 5.052028102251831E-4
